 1965     -0.11
 1966     -0.03
 1967     -0.01
 1968     -0.04
 1969      0.08
 1970      0.03
 1971     -0.10
 1972      0.00
 1973      0.14
 1974     -0.08
 1975     -0.05
 1976     -0.16
 1977      0.12
 1978      0.01
 1979      0.08
 1980      0.19
 1981      0.26
 1982      0.04
 1983      0.25
 1984      0.09
 1985      0.04
 1986      0.12
 1987      0.27
 1988      0.31
 1989      0.19
 1990      0.36
 1991      0.35
 1992      0.13
 1993      0.13
 1994      0.23
 1995      0.37
 1996      0.29
 1997      0.39
 1998      0.56
 1999      0.32
 2000      0.33
 2001      0.47
 2002      0.56
 2003      0.55
 2004      0.48
 2005      0.62
 2006      0.55
 2007      0.58
 2008      0.44
 2009      0.58
 2010      0.63